2023-05-08_1.jpg 291 223 723 363
2023-05-08_10.jpg 243 348 1036 512
2023-05-08_11.jpg 306 286 1011 420
2023-05-08_12.jpg 326 295 1049 591
2023-05-08_13.jpg 299 317 1078 566
2023-05-08_14.jpg 400 391 905 548
2023-05-08_15.jpg 389 263 861 467
2023-05-08_16.jpg 322 274 959 470
2023-05-08_17.jpg 313 295 930 496
2023-05-08_18.jpg 344 286 906 512
2023-05-08_19.jpg 272 261 937 425
2023-05-08_2.jpg 250 261 713 425
2023-05-08_3.jpg 225 227 768 356
2023-05-08_4.jpg 159 342 776 510
2023-05-08_5.jpg 147 335 838 477
2023-05-08_6.jpg 222 441 904 652
2023-05-08_7.jpg 197 377 752 543
2023-05-08_8.jpg 142 294 785 529
2023-05-08_9.jpg 274 236 1011 409
IMG_1703.JPG 462 359 769 482
IMG_1704.JPG 485 227 880 317
IMG_1705.JPG 400 392 757 517
IMG_1706.JPG 173 318 577 494
IMG_1707.JPG 135 216 525 374
IMG_1708.JPG 328 252 761 348
IMG_1709.JPG 427 265 927 400
IMG_1710.JPG 328 315 757 421
IMG_1711.JPG 449 304 845 437
IMG_1712.JPG 351 315 725 400
IMG_1713.JPG 518 290 884 389
IMG_1714.JPG 148 314 589 432
IMG_1715.JPG 151 258 507 339
IMG_1716.JPG 189 415 706 528
IMG_1717.JPG 372 374 937 511
IMG_1718.JPG 99 353 660 489
IMG_1719.JPG 112 323 667 451
IMG_1720.JPG 192 359 769 486
IMG_1721.JPG 129 252 698 375
IMG_1722.JPG 135 254 706 374
IMG_1723.JPG 132 254 703 380
IMG_1724.JPG 350 244 780 356
IMG_1725.JPG 479 392 881 535
IMG_1726.JPG 448 508 914 629
IMG_1727.JPG 528 317 804 377
IMG_1728.JPG 164 93 616 197
IMG_1742.JPG 455 445 765 538
IMG_1743.JPG 496 135 914 244
IMG_1744.JPG 214 416 683 500
IMG_1745.JPG 130 304 569 426
IMG_1746.JPG 429 293 910 408
IMG_1747.JPG 212 451 660 538
IMG_1748.JPG 432 318 881 416
IMG_1749.JPG 335 288 832 411
IMG_1750.JPG 91 411 780 550
IMG_1751.JPG 380 271 903 391
IMG_1752.JPG 506 347 851 429
IMG_1753.JPG 506 359 793 419
IMG_1754.JPG 211 467 511 535
IMG_1755.JPG 531 310 842 419
IMG_1756.JPG 500 486 793 565
IMG_1757.JPG 528 489 806 550
IMG_1758.JPG 545 490 883 582
IMG_1759.JPG 515 288 894 385
IMG_1760.JPG 208 549 602 643
IMG_1761.JPG 326 268 687 355
IMG_1762.JPG 502 456 895 535
IMG_1763.JPG 518 345 771 400
img_3937.jpg 370 364 787 454
img_3938.jpg 287 351 769 457
img_3939.jpg 290 304 799 459
img_3940.jpg 274 282 826 443
img_3941.jpg 328 347 741 443
img_3942.jpg 310 298 796 416
img_3943.jpg 307 326 854 454
img_3944.jpg 312 396 692 478
img_3945.jpg 296 239 818 400
img_3946.jpg 392 243 818 370
img_3947.jpg 249 317 660 419
img_3948.jpg 320 179 684 273
img_3951.jpg 413 170 843 274
img_3952.jpg 324 369 739 478
img_3953.jpg 260 243 798 353
img_3954.jpg 219 367 782 523
img_3955.jpg 274 214 760 329
img_3956.jpg 381 168 760 280
img_3957.jpg 138 326 769 481
img_3958.jpg 260 232 720 337
img_3959.jpg 332 233 812 426
img_3960.jpg 320 347 760 443
img_3961.jpg 276 347 823 486
img_3962.jpg 269 247 779 392
img_3963.jpg 291 249 720 363
img_3964.jpg 269 263 679 363
img_3965.jpg 274 232 768 356
img_3966.jpg 332 148 724 273
img_3967.jpg 313 162 878 315
img_3968.jpg 323 288 787 388
img_3969.jpg 268 299 802 413
img_3970.jpg 307 329 850 451
img_3971.jpg 353 293 705 429
